1  3038
11  1627
31  1793
51  4353
63  236
67  1153
70  14
79  210
101  122
102  3901
109  5392
117  418
121  4160
124  2048
125  3895
126  4484
129  2263
131  22
134  19
149  13
151  33
153  34
156  4152
163  330
165  4158
171  4865
184  42
191  2476
192  1765
195  862
199  4619
203  1856
204  3931
215  227
217  506
220  899
221  253
237  52
255  888
272  1510
279  1543
298  624
313  77
315  1519
332  80
335  2653
339  2645
341  1041
348  4042
358  1863
359  852
385  92
389  252
399  3500
412  5152
414  483
419  5403
431  898
434  105
438  2983
474  117
489  4098
493  3097
500  5314
505  395
507  3629
515  3995
533  127
543  4899
551  217
553  3394
555  4678
565  1950
573  1230
577  257
604  1457
616  4327
637  365
654  4591
655  4592
658  390
684  2416
716  5043
754  4251
759  2985
761  2342
763  3927
773  4116
776  1415
784  1303
790  1408
794  159
797  4274
809  715
842  564
848  4330
857  4902
869  3912
870  4119
883  184
885  175
891  189
892  2486
893  2185
894  905
899  177
911  4341
924  370
933  198
936  3804
941  4748
944  67
965  4763
973  880
974  2827
975  369
976  4826
988  173
995  4028
997  449
1005  207
1006  1495
1034  4092
1037  461
1052  708
1053  5025
1088  222
1090  953
1101  229
1107  970
1109  2115
1110  928
1120  1914
1122  1260
1138  102
1150  4299
1153  244
1160  291
1174  1024
1177  2322
1180  4797
1182  4755
1183  1669
1185  3651
1186  134
1189  1015
1193  1874
1196  4379
1197  4741
1211  3274
1231  579
1242  93
1243  1619
1250  1469
1254  499
1260  256
1263  84
1264  5478
1288  1437
1305  1245
1308  496
1327  5189
1347  2543
1355  584
1397  5510
1406  2638
1412  4864
1418  1040
1419  3792
1441  3048
1479  296
1500  289
1513  2324
1518  1488
1562  299
1583  3981
1586  5304
1604  1287
1625  115
1639  2320
1640  311
1650  5054
1666  3294
1676  161
1694  2294
1695  255
1711  2297
1714  1660
1722  432
1726  56
1737  4795
1740  4429
1743  108
1761  3703
1773  1675
1794  3848
1796  952
1797  3070
1824  3009
1825  2608
1831  4436
1832  567
1903  5246
1904  2761
1905  4147
1912  25
1959  4224
1961  361
1963  362
2003  3069
2016  882
2044  2189
2048  4298
2049  877
2057  3943
2061  5092
2087  2780
2100  1390
2115  2540
2119  1721
2127  4621
2135  4051
2136  811
2149  4054
2162  4214
2171  3189
2212  3540
2233  2137
2238  4007
2258  2519
2276  4979
2277  4892
2359  526
2375  3016
2421  5095
2423  2277
2450  5111
2452  3521
2458  3556
2471  4898
2472  4901
2477  637
2480  2507
2481  3157
2492  1297
2504  149
2507  3880
2524  3883
2525  6
2533  3930
2574  2501
2576  436
2578  4743
2579  2203
2600  4238
2610  4703
2619  1726
2624  444
2629  2128
2674  3560
2688  2332
2695  1342
2743  3361
2744  975
2795  997
2803  4744
2815  3902
2817  577
2820  770
2831  2502
2832  1314
2834  886
2835  441
2843  2441
2867  2790
2895  4000
2915  4431
2938  4517
2947  2497
2963  4115
2965  522
3023  3424
3055  1951
3078  542
3082  547
3085  410
3131  3254
3135  3352
3140  4297
3188  1290
3214  802
3225  2359
3247  920
3274  794
3309  588
3320  4474
3325  1092
3368  1126
3377  936
3385  4382
3407  4173
3411  4216
3420  776
3432  4784
3433  4845
3446  5460
3506  5032
3530  1886
3552  5349
3559  1058
3600  2205
3604  3324
3623  784
3628  640
3631  641
3632  3266
3686  5264
3708  656
3736  3052
3777  1452
3814  2456
3821  3805
3831  4529
3842  1428
3885  4479
3887  4903
3892  3831
3913  679
3918  730
3965  518
4009  1218
4014  4987
4022  4360
4028  1692
4075  1702
4076  1805
4077  1701
4100  707
4145  951
4150  3432
4153  599
4171  711
4176  3196
4215  3088
4247  1267
4289  2690
4298  2781
4303  3265
4304  1530
4342  505
4357  746
4368  5247
4417  682
4437  2172
4451  2993
4463  890
4495  760
4504  4080
4506  764
4511  2045
4556  1835
4624  775
4641  2469
4665  3999
4711  5307
4719  2759
4720  78
4757  1946
4820  4476
4851  5009
4856  5006
4916  817
4963  185
4975  479
4993  394
4999  754
5018  829
5041  2853
5052  5387
5060  4318
5104  18
5105  3584
5106  2693
5119  4439
5141  867
5146  1643
5148  3242
5168  455
5188  2688
5205  848
5209  2266
5219  2674
5231  1713
5253  2126
5265  5330
5299  857
5314  138
5332  874
5352  2095
5414  4322
5447  2234
5473  4178
5506  889
5539  1030
5552  4467
5590  68
5622  964
5650  3046
5651  1304
5670  1178
5671  918
5694  1432
5695  2301
5751  1521
5776  4523
5780  148
5781  1269
5798  118
5801  5293
5947  4185
5974  4059
5998  46
6041  1848
6079  961
6107  477
6133  1277
6157  803
6236  1775
6261  3239
6267  1113
6319  4162
6362  2779
6381  463
6409  3874
6425  1008
6446  2047
6473  1658
6516  4942
6533  2584
6557  2190
6696  4792
6751  1541
6760  2020
6934  1487
6937  3148
6968  3973
6980  1357
6989  5026
7002  2288
7004  2291
7057  3777
7069  1474
7075  4176
7094  5035
7225  21
7232  1728
7347  1116
7365  1119
7378  3436
7440  3754
7491  1135
7525  4175
7560  5342
7650  1145
7666  1157
7672  5024
7703  3312
7707  3215
7755  1241
7764  278
7773  32
7782  4850
7823  5319
7861  5499
7864  1181
7886  1183
7887  1717
7966  2076
7985  5481
7990  3354
7995  4268
7998  2557
8041  1198
8050  4333
8084  3124
8088  1295
8118  1253
8163  1205
8165  740
8204  4462
8213  1219
8214  2432
8223  1214
8224  1222
8230  4893
8301  5289
8334  4270
8421  1339
8456  1238
8463  3188
8480  3897
8490  5112
8494  1239
8509  2426
8528  1270
8555  1301
8560  3116
8565  2074
8572  3044
8582  5138
8583  61
8584  3737
8673  3089
8698  1216
8747  2982
8748  62
8765  1302
8789  2161
8815  1378
8840  2726
8847  3336
8882  3231
8901  2196
8964  1343
8972  1243
9022  4773
9072  5018
9110  885
9144  3762
9195  2581
9208  4221
9212  4645
9241  478
9303  1547
9329  1332
9354  1729
9375  1399
9376  1936
9404  595
9405  2245
9412  2181
9418  2188
9426  4361
9441  1417
9511  5484
9539  3841
9568  1345
9575  2917
9597  578
9632  3771
9636  1814
9637  3983
9644  3707
9655  2558
9656  5126
9660  1351
9673  2824
9703  1790
9708  3909
9714  4422
9740  226
9751  512
9753  4640
9756  3820
9785  1892
9794  15
9801  5412
9816  116
9836  205
9843  2489
9873  527
9886  209
9887  2610
9899  4124
9904  426
9927  1012
9943  1511
9952  1513
9954  3440
9991  5359
9998  1527
10004  1531
10011  4927
10031  388
10058  2105
10061  17
10066  2293
10069  4126
10072  1546
10131  1557
10171  4735
10213  4275
10223  2183
10310  4597
10316  2164
10344  1677
10357  3989
10366  1579
10377  5231
10378  2762
10385  324
10391  4569
10396  3778
10427  1444
10447  5244
10448  1959
10463  1939
10477  1602
10483  4738
10533  2323
10542  1105
10581  5215
10623  2030
10645  1988
10646  2269
10673  2995
10815  1665
10821  3271
10822  561
10899  629
10937  671
10951  1424
10953  4424
10960  5419
10967  2141
10985  4157
10990  639
10999  2675
11010  3153
11031  1703
11044  3435
11079  1715
11083  3234
11128  3307
11146  3224
11191  215
11200  2315
11202  2396
11224  2624
11233  2461
11237  1742
11238  1743
11239  1746
11266  3813
11288  1954
11292  4923
11295  1751
11297  3375
11298  3858
11301  1133
11302  1288
11322  3101
11325  1759
11331  1754
11373  4518
11381  2295
11393  4863
11410  2874
11415  2309
11417  2308
11458  2529
11470  1785
11491  1306
11602  2530
11636  1802
11639  1845
11644  5143
11658  5131
11659  4702
11664  4565
11665  43
11668  4566
11679  5038
11696  2005
11708  3402
11714  328
11715  3326
11742  4339
11746  1815
11757  1817
11800  352
11838  4624
11841  1995
11870  4637
11904  1850
11913  915
11977  4728
11985  1124
12011  497
12032  3650
12144  4034
12156  2242
12181  1906
12199  332
12224  4751
12256  5150
12259  1027
12291  1927
12292  4765
12370  4910
12380  796
12381  1634
12441  1952
12446  1194
12525  4684
12568  1341
12584  1376
12587  4011
12623  986
12647  1973
12666  4412
12717  1663
12800  3444
12810  44
12824  4727
12883  1977
12912  2712
12927  628
12941  3384
12969  2031
12992  2036
12998  2037
12999  2038
13013  4777
13017  697
13025  4520
13026  4575
13037  354
13041  2049
13118  5513
13129  2060
13199  3484
13213  456
13227  4043
13301  1313
13347  2286
13360  3984
13366  3407
13387  2102
13394  2104
13429  2035
13495  4970
13536  182
13565  4939
13586  2129
13617  596
13621  3952
13628  2131
13792  2215
13802  459
13864  957
13887  2165
13921  4665
13943  1336
14008  919
14034  511
14042  338
14045  3129
14058  3865
14103  4819
14145  3015
14270  3814
14295  2230
14331  2953
14344  2657
14373  4139
14414  47
14444  2257
14452  57
14461  4337
14463  3692
14503  2311
14531  3836
14539  582
14617  2571
14640  2570
14641  1485
14652  3937
14663  4149
14670  893
14695  1292
14699  4369
14703  380
14711  4271
14712  4988
14717  1792
14722  4958
14738  4980
14740  4632
14782  2500
14806  1758
14808  4130
14817  1773
14873  960
14880  1500
14885  2508
14890  4096
14920  3430
14953  651
14958  143
14981  2346
15026  4246
15100  235
15111  4354
15165  4430
15169  5108
15280  609
15376  4222
15427  1148
15486  3679
15500  3327
15530  4317
15534  4159
15539  2411
15562  1852
15586  2517
15641  1937
15660  2167
15737  2427
15738  4848
15739  2450
15798  385
15801  2435
15998  3548
16000  4876
16001  4877
16053  3562
16117  4883
16151  4722
16177  2466
16200  5509
16214  2254
16227  2659
16228  1366
16239  2990
16248  2471
16251  1324
16266  3349
16323  2479
16368  70
16525  2487
16555  3894
16615  3372
16661  206
16721  1441
16778  4975
16783  4167
16815  5487
16849  5456
16868  3903
16893  3932
16939  1023
17063  1648
17068  3731
17073  3630
17177  3482
17191  4873
17228  3696
17326  3061
17399  4938
17476  1522
17479  2717
17487  3596
17529  2518
17573  2029
17599  73
17613  5331
17641  4767
17735  4764
17763  4849
17809  2554
17889  1144
17896  29
17977  3267
18016  3230
18042  1535
18046  3439
18156  4967
18262  2616
18353  3243
18509  4085
18568  3868
18575  1722
18641  2595
18740  5007
18843  3706
18866  3208
18874  1046
18879  1248
18919  3360
18926  2002
19010  4867
19014  5188
19036  4983
19049  2966
19059  2600
19121  2689
19140  2208
19141  5238
19307  5531
19318  5532
19352  2703
19376  3598
19402  4800
19484  3202
19514  5251
19543  4789
19551  3675
19570  3959
19635  1099
19666  1538
19715  2743
19722  3949
19761  4742
19776  4787
19802  2750
19926  868
19956  1755
20052  2872
20089  2973
20158  4949
20160  992
20348  2775
20379  3976
20422  1582
20426  2004
20505  4649
20519  4680
20567  5139
20610  3852
20616  2804
20724  583
20751  855
20753  2818
20979  4101
21126  1131
21140  3992
21158  2202
21298  2565
21419  2857
21427  4276
21503  1723
21643  3201
21724  3318
21763  5048
21817  4868
21819  859
21828  4854
21899  4986
21919  4279
21949  3684
22052  3508
22067  2193
22107  2908
22197  1250
22259  1789
22286  4413
22295  320
22369  3733
22431  2114
22481  660
22539  3709
22542  4952
22581  213
22599  2906
22603  4240
22631  313
22651  4237
22707  4236
22816  3206
22829  309
22839  2951
22897  5056
22900  4091
22946  2957
22969  619
23074  3888
23138  831
23251  3079
23262  1330
23280  5471
23309  2972
23373  155
23523  3408
23540  3859
23551  3158
23580  4296
23603  250
23691  3321
23722  4781
23750  4342
23848  4113
23942  1833
23993  5275
24136  2884
24181  1705
24196  4197
24219  5141
24306  3036
24319  1352
24364  934
24597  4235
24617  1502
24650  1501
24753  3344
24929  145
24936  3090
24975  3367
24979  4056
25026  2290
25096  4891
25111  1740
25112  1741
25114  231
25115  230
25116  4708
25120  2566
25121  2907
25124  1398
25228  3108
25243  1820
25268  3845
25317  3112
25357  1571
25387  5495
25390  3115
25453  4258
25455  2843
25465  2846
25469  2847
25482  2916
25503  4421
25507  5118
25508  5113
25509  5122
25538  3117
25595  2428
25717  1567
25726  3873
25765  2938
25960  932
26010  4320
26018  3678
26074  5232
26190  5259
26285  3513
26482  860
26584  2520
26728  5061
26912  866
27157  743
27160  3334
27170  4776
27172  191
27177  5378
27179  3119
27203  3041
27225  2156
27230  305
27234  3151
27245  3219
27247  3218
27260  3159
27261  3160
27263  3161
27265  3162
27266  3163
27269  3164
27270  3165
27271  3166
27282  5514
27608  2838
27678  718
27689  5325
27806  1804
27814  4602
27982  1169
27986  846
28140  1159
28186  3960
28282  3232
28353  4033
28454  2178
28489  3253
28574  3308
28621  3996
28750  3828
28772  3282
28775  1213
28783  3279
28844  5400
28920  5107
28990  5489
29010  4940
29024  519
29078  3764
29092  4609
29099  3419
29273  1375
29281  3323
29314  3422
29358  2087
29502  3677
29529  3473
29594  3928
29595  187
29608  204
29618  3466
29619  386
29681  5328
29690  4690
29737  4231
29917  5345
30116  3956
30131  1009
30308  4293
30345  5317
30348  3076
30557  3405
30628  1998
30741  1967
30865  3420
30936  3285
30937  2299
30968  3280
31087  3757
31243  3437
31552  3929
31706  3545
31803  3724
32010  4676
32058  4878
32126  3485
32149  2503
32342  3537
32491  3459
32669  5480
32743  5140
33020  4965
33107  3748
33126  3457
33188  5363
33229  3589
33470  38
33473  5192
33605  973
33688  935
33788  3700
33839  4974
33902  3631
33926  2109
33937  2986
33991  3638
34082  3425
34109  5204
34151  5482
34167  4363
34168  51
34297  916
34314  3665
34364  1545
34377  3034
34415  4714
34467  4142
34524  4264
34634  465
34651  4044
34843  3673
34855  2136
34908  2778
34923  3721
34987  4521
35035  75
35213  2849
35257  4944
35298  4228
35493  3205
35517  3763
35535  3388
35558  1279
35659  3784
35765  4925
35794  4998
35903  408
35953  1467
36008  3799
36012  3844
36181  4885
36200  3821
36218  87
36271  4972
36368  3680
36369  4679
36383  3887
36470  3770
36480  1533
36496  1779
36520  3896
36538  713
36555  197
36777  3599
36798  3925
36869  482
36935  3934
37011  3842
37028  3946
37147  3972
37426  1763
37439  3998
37485  4006
37596  2159
37598  4664
37662  763
37736  3885
37758  4049
37791  5347
38217  4447
38227  4102
38228  1506
38238  4103
38261  267
38372  4120
38404  337
38412  5145
38433  4802
38459  4434
38499  4121
38528  969
38547  474
38550  4090
38599  4127
38636  652
38833  5438
38983  4856
38998  4914
39055  861
39180  2238
39181  4181
39281  3856
39323  4129
39538  4233
39605  5198
39616  4217
39659  4973
39676  4229
39707  680
39757  4022
39760  1340
39808  5493
39916  4269
39919  5475
40008  4283
40140  3306
40169  4294
40459  4323
40478  4313
40524  3850
40551  4825
40600  3272
40601  5322
40604  4332
40672  4334
40726  4343
40757  4248
40813  4150
40814  4352
40858  4357
40905  212
40907  4030
40917  4377
40921  1462
40948  3818
40967  1772
40973  4174
41040  3716
41064  4398
41072  4658
41116  1668
41153  4411
41169  111
41181  4578
41195  3957
41204  4816
41223  5098
41270  4459
41290  8
41338  1783
41341  4473
41349  4472
41351  5399
41380  4574
41471  4364
41823  3695
41863  2331
41929  4511
42133  5202
42161  140
42308  2901
42339  4652
42355  4611
42371  4329
42376  246
42450  4620
42506  4623
42563  5418
42622  1101
42634  1989
42657  4639
42737  615
42785  2259
42830  3544
42865  931
42874  5047
43265  5044
43280  2313
43281  2028
43323  2343
43360  4719
43423  2992
43449  3590
43531  513
43584  5341
43601  4807
43610  2296
43623  4146
43630  2279
43646  4753
43783  4242
43877  4782
44004  4079
44006  4794
44025  4350
44029  4799
44037  3043
44076  1694
44099  1104
44101  4104
44152  4815
44186  423
44225  1681
44442  2281
44678  658
44838  3610
44893  4843
44898  133
44969  4859
44990  4365
45028  4186
45116  5169
45236  3133
45250  3462
45268  4872
45322  1865
45340  141
45371  4945
45383  2032
45393  3676
45405  4604
45424  3465
45426  3126
45432  1576
45435  2118
45556  4338
45632  3140
45687  3918
45729  4951
45740  4035
45741  4097
45743  4956
45785  4250
45870  5335
45909  881
45910  2186
46100  5015
46123  5017
46157  508
46219  3872
46228  5030
46232  2860
46235  5016
46269  2182
46304  5042
46313  125
46375  5049
46396  5055
46397  5057
46482  5070
46525  5076
46532  5078
46566  4583
46607  5087
46849  5272
46880  1883
46949  371
47030  3433
47037  5082
47236  5074
47323  5278
47324  5228
47360  5168
47375  5295
47475  5088
47488  2637
47549  2252
47735  5081
47746  5206
47815  2522
47996  5114
48078  5199
48152  90
48301  3145
48318  4739
48327  5220
48341  944
48463  1633
48464  2947
48520  5180
48598  5236
48611  4749
48647  5227
48696  5218
48837  5492
49099  2856
49104  5260
49107  5151
49138  5261
49371  5265
49376  3472
49459  1455
49570  481
49597  4336
49603  5226
49610  1997
49634  5117
49704  2523
49843  4606
49859  3195
49942  5133
50086  5294
50310  3834
50402  4932
50408  5326
50672  1155
51417  5321
51728  622
51822  5308
51832  1938
52175  5329
52327  1110
52342  5334
52435  4239
52458  4179
52485  3458
52518  5352
52638  1507
52815  3869
52897  4862
52906  471
53027  3130
53346  3217
53389  4866
53438  2231
53512  3498
53664  5071
53733  3747
53770  4804
53782  669
53802  4913
53803  5415
53965  5421
53982  1706
54123  211
54812  5440
54837  1265
54861  2431
54903  5441
54918  4023
54919  5506
54930  2179
54931  4008
55046  4143
55053  1603
55146  5453
55150  327
55794  5476
56503  5496
56513  5245
56514  2755
56560  5511
56568  5409
56569  5512
56637  5205
56643  5535
