51 4353
70 14
79 210
101 122
102 3901
121 4160
129 2263
131 22
134 19
149 13
151 33
153 34
156 4152
163 330
165 4158
171 4865
191 2476
195 862
199 4619
203 1856
220 899
255 888
279 1543
298 624
313 77
332 80
341 1041
431 898
489 4098
505 395
507 3629
533 127
543 4899
551 217
555 4678
604 1457
654 4591
655 4592
658 390
684 2416
754 4251
759 2985
773 4116
790 1408
809 715
857 4902
883 184
892 2486
893 2185
894 905
911 4341
936 3804
941 4748
944 67
965 4763
973 880
974 2827
975 369
988 173
1037 461
1053 5025
1090 953
1101 229
1107 970
1109 2115
1120 1914
1160 291
1174 1024
1183 1669
1185 3651
1186 134
1189 1015
1196 4379
1197 4741
1242 93
1243 1619
1250 1469
1288 1437
1308 496
1327 5189
1418 1040
1441 3048
1500 289
1518 1488
1586 5304
1604 1287
1625 115
1676 161
1694 2294
1695 255
1711 2297
1714 1660
1726 56
1737 4795
1740 4429
1794 3848
1796 952
1797 3070
1824 3009
1825 2608
1831 4436
1832 567
1903 5246
1959 4224
2016 882
2044 2189
2087 2780
2100 1390
2115 2540
2119 1721
2135 4051
2233 2137
2276 4979
2277 4892
2421 5095
2450 5111
2471 4898
2472 4901
2480 2507
2504 149
2525 6
2533 3930
2574 2501
2578 4743
2579 2203
2600 4238
2688 2332
2695 1342
2744 975
2817 577
2834 886
2895 4000
2938 4517
2947 2497
2963 4115
3078 542
3082 547
3135 3352
3247 920
3320 4474
3325 1092
3368 1126
3385 4382
3407 4173
3506 5032
3600 2205
3631 641
3632 3266
3814 2456
3821 3805
3831 4529
3842 1428
4009 1218
4014 4987
4022 4360
4028 1692
4075 1702
4076 1805
4077 1701
4145 951
4150 3432
4298 2781
4303 3265
4417 682
4504 4080
4506 764
4511 2045
4665 3999
4856 5006
4916 817
5041 2853
5052 5387
5104 18
5141 867
5188 2688
5219 2674
5253 2126
5314 138
5352 2095
5590 68
5622 964
5650 3046
5651 1304
5671 918
5798 118
6041 1848
6079 961
6107 477
6236 1775
6425 1008
6533 2584
6557 2190
6751 1541
6934 1487
6989 5026
7069 1474
7491 1135
7525 4175
7703 3312
7755 1241
7886 1183
7990 3354
7995 4268
8041 1198
8084 3124
8214 2432
8223 1214
8224 1222
8230 4893
8421 1339
8456 1238
8463 3188
8490 5112
8494 1239
8509 2426
8528 1270
8565 2074
8582 5138
8583 61
8584 3737
8748 62
8815 1378
8964 1343
9144 3762
9195 2581
9212 4645
9241 478
9375 1399
9376 1936
9405 2245
9418 2188
9426 4361
9539 3841
9568 1345
9597 578
9636 1814
9637 3983
9644 3707
9660 1351
9673 2824
9740 226
9751 512
9794 15
9816 116
9843 2489
9887 2610
9904 426
9952 1513
9954 3440
9991 5359
10061 17
10066 2293
10213 4275
10357 3989
10366 1579
10377 5231
10385 324
10427 1444
10448 1959
10646 2269
10673 2995
10985 4157
10990 639
10999 2675
11044 3435
11083 3234
11128 3307
11233 2461
11238 1743
11239 1746
11266 3813
11288 1954
11298 3858
11301 1133
11322 3101
11381 2295
11415 2309
11417 2308
11458 2529
11602 2530
11664 4565
11665 43
11668 4566
11708 3402
11746 1815
11913 915
12032 3650
12199 332
12259 1027
12291 1927
12381 1634
12525 4684
12587 4011
12810 44
12824 4727
13025 4520
13026 4575
13037 354
13118 5513
13199 3484
13586 2129
13921 4665
13943 1336
14008 919
14539 582
14617 2571
14640 2570
14663 4149
14699 4369
14712 4988
14782 2500
14806 1758
14808 4130
15111 4354
15534 4159
16000 4876
16001 4877
16214 2254
17073 3630
17177 3482
17191 4873
17399 4938
17573 2029
17599 73
17641 4767
17889 1144
17896 29
17977 3267
18042 1535
18156 4967
18568 3868
18874 1046
19010 4867
19049 2966
19121 2689
19402 4800
19514 5251
19543 4789
19570 3959
19666 1538
19926 868
21126 1131
21503 1723
21643 3201
22052 3508
22286 4413
22481 660
22539 3709
22603 4240
22651 4237
22707 4236
22900 4091
23373 155
23551 3158
24319 1352
24597 4235
25111 1740
25112 1741
25114 231
25115 230
25120 2566
25124 1398
25507 5118
25508 5113
25509 5122
26074 5232
27157 743
27245 3219
27247 3218
27678 718
28454 2178
29092 4609
29281 3323
29608 204
29690 4690
32126 3485
33902 3631
33991 3638
34524 4264
37011 3842
37028 3946
37596 2159
37598 4664
37736 3885
38433 4802
38499 4121
38833 5438
39180 2238
39616 4217
39808 5493
39916 4269
40813 4150
40814 4352
40858 4357
40917 4377
41204 4816
41349 4472
43281 2028
43323 2343
43623 4146
44678 658
44898 133
45236 3133
45268 4872
45371 4945
45383 2032
45405 4604
45740 4035
45741 4097
45909 881
45910 2186
46313 125
48463 1633
48464 2947
49634 5117
50310 3834
52458 4179
53346 3217
56568 5409
56569 5512
