1  970
9  2996
31  1041
34  2930
41  605
51  877
64  629
67  628
70  1126
79  4246
85  4893
98  4679
101  495
102  134
105  1
116  27
117  1909
121  2313
124  1113
125  85
129  1937
131  22
134  19
140  3645
149  2529
151  802
152  2983
153  34
155  2263
156  1501
163  2518
165  4158
171  1938
173  253
186  2435
190  1029
195  860
198  784
203  1856
215  4569
217  182
220  4361
221  4429
237  1642
251  1908
254  449
255  56
262  743
268  2281
272  5225
276  3818
283  323
285  1135
297  2500
298  1681
312  4891
313  3997
314  77
315  4988
320  4139
322  598
326  2156
332  4341
335  2048
341  4619
342  2083
354  3872
357  3784
358  3548
359  420
361  5384
387  964
388  313
389  5125
392  197
405  2804
406  944
412  558
414  4730
430  3728
431  1499
438  1519
452  1540
465  1352
489  1012
493  2699
500  3985
505  2252
507  1535
515  746
516  4175
517  754
533  1936
541  1489
542  3580
543  148
546  1196
548  4640
551  217
552  465
553  4973
554  25
555  3873
561  4293
563  3854
565  2628
569  2885
572  3465
573  138
604  4479
623  3513
636  2816
637  5289
642  2037
648  505
649  506
651  479
654  4240
658  4118
660  637
664  4454
684  2416
711  4173
716  2591
718  3584
736  792
746  2254
749  2492
754  4238
755  456
756  337
759  4347
763  831
771  4602
773  4116
776  2259
790  1408
797  159
803  4763
809  1634
828  4530
837  5496
842  115
848  5050
857  477
864  4865
866  30
869  1967
870  2035
878  2761
883  1483
885  3508
892  2985
894  905
899  188
908  2431
911  2384
912  5159
917  5419
920  38
924  4326
931  1775
936  3069
954  4087
968  1820
973  173
974  1605
975  1166
976  624
979  3018
986  4749
988  4767
995  1438
998  3048
1006  1863
1009  4901
1021  823
1024  4268
1025  2275
1034  3026
1037  461
1041  1224
1052  708
1053  861
1082  1047
1090  951
1101  229
1107  2159
1109  1214
1110  1215
1114  2836
1116  5111
1118  1926
1120  4803
1122  399
1134  1631
1138  882
1140  3372
1147  881
1150  4171
1160  4056
1162  234
1171  5418
1172  1182
1174  1024
1180  43
1182  4755
1185  73
1186  4228
1195  4789
1196  4379
1197  1444
1214  2602
1231  2003
1243  2914
1252  5206
1266  2176
1287  1298
1288  2297
1305  1245
1308  2190
1317  3650
1323  1790
1339  4580
1340  491
1348  3912
1355  584
1362  4245
1397  1531
1412  4925
1413  2308
1417  2295
1418  862
1419  3792
1437  4085
1441  2238
1475  3458
1480  5295
1481  4983
1482  289
1490  2272
1500  4054
1503  4667
1507  1335
1513  2324
1514  292
1518  496
1530  651
1532  1117
1535  3500
1546  3112
1560  3707
1567  3607
1584  3166
1586  526
1591  2020
1600  5329
1604  1230
1611  3208
1617  3224
1622  3460
1623  4413
1625  1153
1640  1250
1646  440
1650  307
1659  5331
1665  5081
1676  691
1694  1092
1695  880
1696  1927
1714  1660
1716  4147
1742  4815
1746  1479
1761  2762
1773  3992
1786  3901
1788  2476
1796  952
1797  2598
1814  3108
1821  4974
1824  3218
1825  1302
1826  4271
1831  957
1832  674
1874  2237
1877  1108
1896  3733
1901  4165
1903  5246
1906  4192
1910  1017
1922  4000
1924  623
1934  4279
1959  4224
1960  3466
1977  2206
1995  1758
1996  319
2003  1299
2004  4741
2007  2060
2016  369
2033  3631
2038  3255
2044  3937
2048  611
2052  2778
2057  4130
2061  2714
2081  1733
2087  2781
2093  4126
2100  1390
2101  1883
2102  3949
2114  839
2115  2540
2120  4727
2132  1009
2135  4186
2136  811
2162  4903
2166  2638
2171  3189
2182  617
2201  358
2204  2215
2207  93
2233  1015
2258  2519
2275  4330
2276  317
2277  1668
2278  4848
2297  1626
2315  1492
2359  3437
2363  3408
2372  5107
2374  931
2375  3016
2381  740
2421  5095
2423  458
2432  5510
2445  1619
2450  2329
2452  4963
2463  3274
2464  1966
2469  3837
2470  3673
2471  3433
2472  161
2480  2507
2492  5304
2499  2296
2504  149
2505  564
2517  4986
2524  2597
2533  4792
2534  1675
2541  1402
2558  4676
2559  963
2569  665
2574  2501
2576  4523
2579  350
2582  3153
2618  518
2623  180
2626  653
2649  1089
2665  444
2674  3748
2688  2566
2695  1342
2697  2266
2708  658
2711  469
2726  4345
2743  177
2744  793
2776  3109
2783  1417
2802  2818
2803  230
2815  680
2816  918
2820  3281
2827  490
2832  3834
2834  886
2835  441
2843  4143
2844  2137
2845  1959
2852  2878
2863  3778
2867  1746
2891  2955
2895  3858
2914  2809
2938  5150
2947  2294
2963  4115
3009  1122
3021  661
3023  3966
3034  3279
3055  4593
3075  3462
3076  4980
3078  1706
3082  2029
3085  3044
3086  3420
3096  1617
3108  2106
3111  3089
3131  3976
3135  3352
3141  3159
3148  3326
3155  156
3161  2890
3162  5168
3191  1727
3201  3425
3247  921
3249  380
3258  960
3259  236
3273  4344
3274  4892
3279  586
3302  4252
3313  4609
3320  4474
3325  2377
3326  3232
3327  204
3334  4008
3365  4421
3368  599
3376  4577
3385  4234
3387  4258
3396  1279
3407  370
3427  1707
3433  4355
3475  1553
3506  2584
3539  618
3559  3880
3578  70
3580  42
3586  1159
3600  3457
3601  2683
3620  3983
3623  320
3628  4
3631  4146
3632  3562
3652  640
3655  4090
3670  4269
3682  1030
3686  4031
3694  3590
3708  2934
3713  848
3774  666
3777  5442
3782  1413
3809  2528
3814  684
3821  4264
3822  3140
3842  1385
3868  5035
3886  119
3892  3896
3901  573
3905  4119
3920  21
3921  5439
3934  5412
3965  5169
4009  1218
4013  3852
4014  713
4022  4360
4023  4297
4028  1275
4058  4632
4075  1329
4076  4987
4077  1701
4116  4334
4121  709
4144  3709
4145  953
4150  3459
4153  69
4168  695
4171  711
4176  354
4187  1222
4193  5449
4196  4998
4199  190
4214  2799
4215  3088
4247  1269
4288  212
4298  2780
4303  3265
4304  2456
4342  697
4347  144
4357  61
4385  1290
4402  72
4417  1543
4450  2993
4452  752
4461  2655
4492  1194
4495  760
4500  1195
4504  4080
4506  2045
4511  764
4512  3789
4534  4431
4589  4331
4612  3725
4622  2172
4639  2856
4643  4066
4652  5006
4665  4007
4688  1871
4693  4225
4704  1174
4713  198
4719  2759
4737  660
4755  1098
4757  1946
4797  3219
4851  4952
4856  4867
4895  3751
4916  4072
4924  2487
4930  418
4938  723
4965  410
4973  1430
4993  352
4999  5102
5027  866
5029  2114
5033  2432
5041  836
5052  3406
5102  840
5106  1495
5119  3407
5124  1295
5141  867
5155  4538
5158  328
5168  2814
5184  4327
5188  2688
5190  672
5209  1067
5210  4181
5219  3630
5224  1702
5243  3521
5248  2202
5252  5431
5253  3786
5257  14
5265  2870
5271  2115
5292  3845
5297  2359
5314  883
5332  874
5333  3262
5343  3498
5352  2095
5356  3931
5382  3020
5400  997
5422  4738
5423  1351
5427  296
5446  3405
5447  3874
5455  4096
5467  1474
5468  4215
5481  549
5506  889
5539  2874
5552  5298
5558  2468
5590  68
5622  675
5650  3046
5651  4475
5658  4446
5670  1177
5694  922
5716  2430
5719  928
5733  1353
5765  3831
5776  4369
5781  4242
5798  3231
5812  5265
5817  2760
5823  5299
5931  3930
5937  162
5947  1190
5949  1995
5962  2301
5974  4059
5987  3690
5998  47
6041  1848
6066  3598
6079  961
6089  1803
6108  993
6110  1227
6117  3473
6133  1277
6157  4197
6162  348
6197  1179
6198  1389
6218  3995
6226  5016
6236  3528
6261  5179
6267  988
6277  987
6319  4009
6339  5388
6342  1622
6362  2779
6380  464
6381  2682
6409  2169
6425  3716
6426  5456
6427  1742
6430  890
6446  2047
6448  2076
6453  1469
6454  3683
6458  1636
6473  3122
6488  1378
6489  1817
6498  1043
6516  810
6528  634
6531  5174
6546  2109
6557  116
6634  4680
6639  3334
6640  2261
6644  1530
6696  3869
6701  5300
6711  4678
6729  2070
6745  1357
6749  4221
6751  1816
6760  4517
6778  5294
6876  1865
6931  2427
6934  3071
6960  1216
6966  2854
6968  1313
6980  3365
6984  2570
6989  5026
7004  2831
7046  2990
7049  5244
7052  607
7054  1658
7069  5387
7075  4176
7078  4862
7094  3307
7099  609
7147  2208
7172  1989
7190  1450
7219  2361
7225  3196
7285  530
7290  1692
7310  1110
7347  1116
7348  4511
7378  3998
7399  2290
7405  1769
7409  3676
7422  592
7436  4484
7440  3754
7484  2356
7491  3703
7495  1229
7502  3036
7523  578
7525  2205
7531  1952
7546  206
7560  2731
7572  4917
7579  2312
7591  2583
7597  789
7600  2893
7622  3394
7640  2343
7652  261
7685  2134
7698  3163
7703  3510
7748  5105
7754  1383
7755  1670
7758  2866
7764  278
7773  1165
7774  211
7779  5315
7782  1424
7823  1305
7853  1178
7886  1183
7887  131
7896  1511
7901  2269
7966  1823
7990  3354
7995  44
8041  260
8046  619
8050  4333
8064  5308
8084  3124
8108  2304
8118  3116
8119  3003
8127  4151
8143  1046
8163  1205
8166  577
8204  1217
8223  3076
8224  1221
8230  2032
8233  2291
8261  4210
8283  1811
8326  2755
8330  4125
8334  5491
8384  4024
8421  1339
8447  5404
8455  5192
8456  1238
8463  4342
8464  240
8472  5228
8480  1415
8490  4353
8494  1239
8501  1826
8508  315
8509  3043
8528  4107
8531  5480
8534  1861
8543  2086
8555  5141
8560  2588
8565  2074
8572  62
8582  13
8583  67
8584  3737
8585  3435
8601  332
8617  979
8627  4574
8648  3038
8649  1231
8658  226
8669  1287
8673  2753
8698  1198
8709  1011
8725  4655
8740  4797
8741  2965
8746  1304
8747  2982
8748  4296
8749  2489
8751  2921
8765  4502
8775  4185
8781  4863
8793  2564
8812  2038
8815  1052
8821  1344
8832  372
8840  2726
8847  3336
8855  3684
8882  3731
8901  3278
8945  1596
8952  1510
8970  986
8972  1243
8974  1340
8979  4276
8983  4629
8989  4529
8990  1638
8994  3373
9002  266
9017  1343
9031  5247
9047  547
9048  1306
9094  250
9095  2840
9103  1951
9144  3762
9195  1544
9208  4432
9212  4645
9241  478
9283  4823
9294  4690
9344  4722
9345  1805
9352  2543
9375  1399
9376  1398
9377  3680
9387  4053
9403  2245
9405  2286
9418  644
9426  94
9447  4819
9456  483
9469  5108
9482  1428
9491  205
9501  5506
9506  3833
9511  3444
9515  4412
9518  299
9519  776
9539  3999
9544  4476
9568  1345
9576  5471
9583  4222
9585  4518
9593  4167
9597  3879
9601  1360
9606  790
9609  4253
9634  2493
9646  4578
9650  1449
9653  4503
9655  4172
9656  78
9673  3402
9692  4942
9703  5500
9708  3864
9709  2189
9714  1293
9720  5475
9724  384
9729  2199
9740  1404
9751  3943
9793  1572
9794  899
9801  1665
9812  1366
9836  340
9848  3875
9866  2001
9873  527
9882  621
9884  4177
9886  4216
9887  2610
9904  2503
9907  209
9927  228
9943  1097
9952  1834
9953  1513
9954  3440
9968  4459
9991  5359
9998  408
10022  4714
10031  388
10061  898
10062  3034
10066  2293
10069  4656
10072  2017
10084  1547
10087  4193
10131  1104
10151  642
10171  2307
10194  4883
10213  606
10214  1894
10215  4664
10223  2183
10228  3989
10238  4782
10255  2953
10256  3117
10267  1567
10309  4854
10325  3215
10328  2161
10342  794
10344  4869
10349  983
10357  3842
10364  4583
10366  4725
10377  1741
10378  1928
10385  324
10391  1808
10393  4607
10395  4811
10415  1852
10426  1779
10427  356
10443  2907
10444  2182
10445  3230
10448  1186
10451  4354
10470  4592
10477  1602
10478  1603
10483  511
10485  3234
10487  1785
10494  1600
10523  513
10526  1018
10529  4552
10542  4451
10550  3464
10597  5415
10599  1630
10615  2964
10623  870
10645  1988
10646  3252
10719  5347
10721  1651
10729  5226
10792  583
10800  3197
10813  4715
10815  1336
10821  3271
10836  1661
10876  2387
10898  950
10915  118
10916  4734
10927  1736
10937  4365
10938  671
10951  2917
10953  1441
10960  4748
10967  2141
10978  2231
10985  5441
10987  3023
10990  2558
11006  1101
11044  4588
11079  2716
11083  639
11143  5205
11189  4651
11200  1372
11201  1482
11229  1740
11233  2461
11239  1743
11251  2793
11266  3813
11287  362
11288  1954
11295  1176
11297  508
11298  1133
11301  1755
11322  4436
11324  5222
11331  1760
11343  1645
11351  1521
11356  3129
11373  3253
11381  1145
11384  875
11393  3629
11394  3877
11400  5336
11410  2824
11415  276
11417  2179
11491  3609
11509  1929
11536  4808
11602  5417
11617  5349
11636  1802
11639  3924
11644  2186
11658  3959
11662  3148
11663  2749
11664  2853
11665  3848
11669  1694
11684  1527
11695  4744
11714  3004
11723  4601
11727  2342
11734  4044
11746  1815
11757  84
11765  3436
11792  1821
11800  756
11823  679
11838  830
11890  1846
11900  497
11904  1850
11913  915
11918  187
11948  855
11951  1726
11955  2415
11963  3805
11967  2908
11977  1721
11993  1869
12001  2004
12002  1506
12032  2181
12077  4637
12091  1715
12132  1900
12144  2542
12156  2242
12181  1349
12188  1906
12199  4152
12200  385
12204  4719
12214  1789
12233  3081
12245  4740
12256  2838
12258  2645
12260  4398
12263  2972
12357  4909
12368  2270
12370  3769
12380  796
12381  3101
12383  329
12385  185
12394  5032
12428  542
12435  2608
12441  4839
12443  1749
12445  1953
12450  641
12460  5509
12473  1253
12493  5123
12525  455
12568  8
12586  447
12587  969
12617  525
12640  3285
12666  1331
12717  254
12754  1575
12801  3056
12804  395
12824  255
12837  2268
12839  1680
12867  5421
12876  3052
12883  1977
12904  4042
12912  290
12927  433
12941  3100
12969  2031
12992  2036
13006  585
13016  1643
13017  231
13025  4520
13026  4575
13037  1124
13039  2911
13084  4751
13118  5513
13124  1759
13128  2059
13129  2091
13165  2063
13166  210
13196  937
13199  3484
13213  4781
13219  2411
13226  2350
13252  5025
13269  1629
13285  859
13292  976
13311  129
13360  3984
13366  593
13387  2709
13429  2894
13441  5278
13451  3714
13470  4157
13474  2986
13486  1355
13503  80
13507  4945
13538  3955
13564  1754
13565  3472
13569  3897
13586  1557
13588  5378
13628  2131
13686  1748
13694  3876
13751  1892
13792  2767
13802  3918
13807  282
13813  1291
13829  4040
13839  5532
13864  3651
13867  132
13921  1550
13943  1058
13962  2422
13985  3929
14008  1260
14013  3865
14014  2188
14042  4034
14053  5215
14058  835
14068  215
14074  1563
14077  270
14137  1593
14143  3388
14145  589
14149  4046
14163  4878
14270  2309
14274  5492
14295  2345
14309  2043
14311  2257
14341  2725
14344  4426
14358  5414
14405  1579
14452  936
14461  4337
14472  4702
14474  4270
14496  2750
14501  1606
14517  3015
14539  582
14557  4093
14582  125
14602  1522
14617  15
14634  533
14641  1485
14651  4958
14652  5121
14658  3360
14663  474
14699  2173
14703  1219
14709  184
14711  4665
14717  2523
14718  1125
14740  3952
14742  2712
14782  52
14801  4793
14806  2214
14817  1793
14864  2054
14871  5074
14880  5436
14885  3859
14933  4736
14949  3130
14950  1939
14958  143
14962  919
14969  4023
14981  2740
15026  1123
15044  1569
15052  3384
15073  5011
15085  4864
15110  3228
15111  4021
15112  394
15128  4109
15156  2346
15169  2379
15191  2320
15306  5499
15317  1878
15339  5051
15344  2973
15357  3115
15358  1437
15381  5038
15389  45
15471  819
15479  4733
15480  5257
15483  3164
15486  3389
15500  3327
15520  2957
15529  3370
15531  3953
15532  2703
15534  4159
15535  4787
15537  5048
15563  1436
15578  4160
15615  3321
15641  717
15659  4489
15676  361
15693  2834
15718  4927
15732  3235
15739  3770
15740  1456
15742  2407
15744  1529
15767  4319
15780  5145
15801  2887
15841  2846
15855  4843
15856  4206
15907  2562
15917  2479
15954  390
15969  4051
15978  5445
15998  1487
16000  4876
16001  4877
16038  5325
16085  3895
16091  1751
16121  3596
16151  2999
16177  4956
16180  2557
16198  3696
16200  2775
16214  596
16223  2471
16227  4208
16228  1534
16232  2428
16239  3349
16241  2050
16255  311
16259  3432
16266  4947
16269  5408
16284  2475
16289  1722
16368  775
16378  5474
16383  4332
16388  181
16404  1713
16411  4188
16439  3724
16525  170
16542  4439
16543  5232
16555  3422
16615  4214
16750  2450
16778  770
16783  1252
16826  1270
16827  5044
16868  3903
16963  32
16967  3828
17018  4850
17067  6
17068  822
17073  3280
17088  1874
17127  4684
17130  2064
17131  1392
17140  817
17143  1792
17177  3482
17181  169
17191  4873
17213  3306
17274  4565
17283  1705
17326  467
17338  920
17339  4591
17344  5236
17364  3540
17367  529
17376  4521
17399  4938
17433  1036
17449  3254
17462  5272
17476  2571
17485  1886
17486  5453
17488  4434
17516  5138
17541  4378
17562  5238
17594  242
17599  1457
17619  463
17628  1576
17641  4178
17672  1068
17702  1870
17713  779
17720  50
17735  888
17796  3841
17889  3821
17896  4972
17916  852
17977  3267
18016  4788
18065  291
18078  4049
18082  4898
18109  4350
18132  762
18137  2230
18138  3849
18156  4967
18188  1885
18262  2616
18267  207
18300  5334
18325  1149
18358  4949
18405  363
18416  4856
18431  1835
18568  3868
18589  1057
18610  2966
18631  4300
18641  4937
18653  2662
18716  1677
18734  742
18740  5008
18744  5495
18776  1765
18781  57
18851  2659
18852  2486
18879  281
18909  2674
18912  827
18926  2002
18951  3692
19010  4868
19014  4137
19036  982
19059  3981
19065  829
19121  2689
19139  1157
19191  2136
19194  1533
19215  423
19245  4088
19297  567
19307  341
19310  46
19318  164
19352  5040
19353  5024
19359  4110
19367  286
19368  339
19374  4028
19402  4800
19432  2311
19456  2323
19464  227
19495  5266
19508  1541
19514  4377
19547  3266
19561  2727
19565  117
19570  4111
19586  4447
19597  2224
19666  1538
19689  1042
19721  1027
19722  5018
19761  4103
19857  781
19862  4322
19878  2984
19905  2049
19923  4961
19946  33
19964  5152
19982  4825
20089  2249
20118  2635
20129  3297
20135  1763
20158  2262
20171  935
20172  2531
20191  2951
20252  4124
20313  694
20397  3887
20418  3312
20472  5088
20505  4649
20519  2643
20526  2800
20567  145
20589  1314
20610  2998
20613  2530
20615  4826
20616  2770
20751  2396
20753  1958
20766  3070
20793  2370
20800  1158
20826  3693
20892  2788
20911  2901
20946  5460
20979  4101
21019  2636
21068  2895
21080  2843
21106  1488
21121  4251
21126  1131
21140  3419
21156  4899
21157  4902
21214  4913
21232  4753
21253  4129
21280  3037
21282  301
21283  5342
21297  973
21298  1431
21312  2693
21314  5076
21321  1475
21412  5078
21458  5202
21501  2452
21503  1723
21504  2332
21509  2743
21510  2367
21605  5319
21620  4077
21636  4462
21643  3201
21680  1155
21700  4363
21721  4376
21731  2102
21768  2185
21786  4791
21799  5501
21828  5127
21830  4943
21845  4472
21899  3979
21916  2555
21929  4338
21949  2575
21967  398
21968  1248
21985  4250
22067  109
22107  428
22118  816
22125  105
22129  4597
22173  1148
22190  5341
22197  838
22215  4739
22259  1324
22260  1301
22262  703
22286  3878
22295  1879
22297  4975
22350  5054
22365  4122
22431  3029
22461  3439
22533  2288
22539  256
22599  4430
22603  3061
22606  4120
22616  3597
22623  2212
22626  1169
22651  4237
22659  3611
22664  436
22707  4236
22730  4845
22731  2072
22733  3375
22765  2300
22777  330
22794  2579
22816  4646
22835  4368
22839  273
22857  493
22876  5476
22897  5056
22900  4091
22916  5297
22930  3229
22981  3086
23015  2517
23058  4274
23068  753
23096  5399
23165  4939
23251  2849
23280  5462
23301  2508
23342  4329
23361  3835
23377  4414
23391  1729
23440  2977
23508  4654
23535  2284
23551  3158
23580  1076
23592  4339
23603  1078
23624  201
23714  2218
23722  1008
23772  4006
23783  2030
23853  1467
23893  3002
23915  2236
23924  4318
23942  1833
23986  4623
23987  3000
23993  2883
24022  3012
24136  4275
24160  18
24165  3655
24178  1005
24180  400
24193  1105
24241  3324
24248  322
24319  4323
24323  459
24326  241
24338  235
24359  3333
24378  1337
24384  5264
24527  5351
24543  5293
24591  3371
24597  4235
24598  1266
24617  974
24619  1753
24644  5148
24650  108
24692  3097
24710  5307
24744  17
24755  5403
24757  3367
24825  1099
24838  2884
24847  4765
24870  576
24885  124
24926  2916
24931  4011
24936  3090
24970  3621
24993  872
25067  2104
25111  2153
25112  1354
25114  715
25115  716
25116  4399
25117  2167
25120  3013
25121  1481
25124  1659
25172  2012
25228  3416
25238  2497
25243  3424
25256  5314
25317  1280
25344  386
25357  3114
25371  189
25453  2796
25455  2277
25457  133
25469  1268
25482  5133
25486  1841
25503  327
25504  305
25507  5118
25508  5113
25509  5122
25538  863
25595  16
25621  3119
25622  4207
25661  4759
25685  656
25739  932
25765  2938
25766  5015
25792  730
25858  2657
25960  1767
26018  3678
26044  2891
26074  588
26087  4336
26190  799
26194  1077
26205  2331
26206  763
26216  338
26277  4658
26278  916
26280  4764
26285  4358
26288  4919
26316  3677
26431  155
26433  4418
26482  2015
26497  5531
26538  2675
26584  5367
26686  1455
26893  2042
26929  3844
26942  4735
26969  1061
27085  654
27130  2101
27151  4799
27157  264
27160  5229
27170  1031
27172  3888
27177  2008
27179  791
27182  3554
27196  3041
27201  2469
27203  2651
27225  900
27227  4316
27233  5392
27234  1038
27237  191
27238  2455
27241  2413
27243  1633
27244  4977
27247  3151
27263  2473
27266  1156
27269  5316
27273  3168
27275  3162
27277  5235
27295  3165
27300  5514
27307  5126
27314  849
27660  1663
27678  267
27679  5089
27689  4916
27749  2906
27772  4836
27775  1956
27806  1264
27814  2817
27848  2692
27985  846
28022  3206
28171  3223
28187  1968
28259  2389
28267  2287
28329  3809
28348  5007
28353  1039
28357  615
28433  818
28446  3299
28488  4801
28490  4079
28574  3308
28621  2768
28630  1950
28725  1978
28752  3665
28772  3282
28775  1213
28790  3610
28920  1226
28945  4317
28970  4849
29004  9
29024  2502
29078  3764
29092  5151
29099  2867
29106  3188
29132  3964
29139  3161
29148  2777
29204  5330
29273  3226
29281  3323
29322  4280
29329  237
29352  2024
29358  2087
29369  1998
29372  4288
29408  3243
29411  1459
29480  3337
29528  123
29594  5009
29604  3318
29625  5363
29681  200
29740  452
29825  3242
29874  3934
29902  5489
29917  5345
29922  2600
29928  1664
29946  3430
29969  3343
30018  5437
30023  499
30024  4829
30060  4566
30116  1454
30141  2947
30256  803
30308  3909
30348  102
30378  3545
30379  4834
30423  87
30432  4313
30454  251
30573  111
30586  800
30628  4226
30703  3777
30936  2135
30937  2299
31087  29
31200  2193
31243  2248
31627  692
31644  3524
31803  2798
31872  3927
31899  3928
31974  5082
32099  1147
32126  3485
32149  203
32220  1582
32312  2126
32313  595
32607  2653
32694  5260
32743  5140
32750  426
32936  4496
33020  4965
33061  1330
33126  1259
33175  1614
33188  4822
33191  4025
33205  4885
33288  4923
33470  2872
33473  1627
33526  1350
33606  825
33668  1023
33688  3448
33691  3294
33788  4166
33839  1394
33902  2203
33965  975
33991  3638
34027  3753
34109  5204
34151  5482
34167  682
34289  5484
34297  2857
34302  4743
34364  1545
34367  3960
34377  1508
34415  5066
34424  2392
34467  4142
34474  2521
34524  1114
34565  3866
34619  4328
34684  3675
34756  3348
34771  1181
34795  2139
34811  1049
34824  1728
34855  3781
34923  807
34931  3771
34987  1829
34996  3799
35001  3560
35106  1973
35124  1144
35133  371
35213  3747
35225  225
35298  3706
35405  2533
35493  1812
35529  1507
35658  892
35659  1292
35661  432
35782  2234
35838  3772
35871  3763
35877  5275
35995  2132
36097  4343
36172  4970
36198  4944
36200  3205
36218  710
36250  2164
36368  868
36369  5047
36390  5317
36428  2690
36431  4703
36480  561
36539  3700
36643  3107
36688  622
36798  3025
36818  2490
36866  1465
36921  4773
36996  3717
37011  1040
37028  3946
37053  2569
37059  175
37179  471
37185  3972
37189  4652
37198  1397
37214  3978
37426  2902
37447  685
37468  2537
37483  4473
37485  5427
37514  1446
37543  4174
37558  3996
37579  978
37660  5042
37686  4113
37710  893
37727  1800
37736  3885
37754  4043
37782  4052
37893  5250
37914  3757
38081  2240
38150  3944
38205  2717
38217  288
38238  4102
38261  3079
38263  2128
38284  4112
38339  4776
38367  832
38370  92
38372  4351
38373  4149
38377  1546
38404  1639
38412  1241
38489  1289
38499  4121
38501  707
38514  4127
38550  97
38624  3973
38625  1773
38685  1799
38759  355
38763  3954
38862  5321
38971  2061
38973  2196
38983  5131
38992  5328
38998  4914
39036  5302
39041  1772
39055  2962
39090  2315
39152  51
39180  3492
39181  4231
39281  3856
39318  2499
39537  4424
39538  4233
39556  1458
39559  5487
39591  4104
39605  2157
39616  4179
39624  876
39642  2165
39654  854
39658  4145
39676  5463
39681  3366
39686  3911
39757  4022
39783  514
39795  4189
39808  5493
39852  4265
39853  1197
39862  1332
39916  1836
39919  959
39927  3932
40008  4283
40064  4795
40169  4294
40183  4859
40187  826
40238  2441
40407  4213
40551  4777
40567  1265
40579  519
40581  566
40600  3272
40662  5059
40672  1462
40732  4156
40752  4477
40757  4248
40781  1783
40814  4150
40833  669
40858  4357
40867  213
40917  4774
40920  1720
40921  127
40956  4382
40973  2211
40983  2466
41006  981
41024  3884
41054  3344
41064  4802
41131  4562
41169  2565
41173  5087
41204  4816
41223  3005
41259  3009
41263  1168
41278  5393
41290  3957
41341  4470
41351  4002
41380  2110
41452  257
41460  5440
41471  1080
41481  4033
41777  309
41833  2457
41838  4406
41865  2426
41929  1484
41966  4352
42087  152
42135  4620
42161  140
42168  4548
42228  1128
42233  4411
42261  1341
42292  4643
42308  1963
42376  246
42467  885
42477  1571
42499  5043
42525  4457
42560  1814
42561  4628
42605  4647
42622  1288
42648  1307
42657  4639
42697  4706
42737  2805
42793  5259
42818  4794
42830  3544
42865  489
42868  5017
42874  2552
42915  5189
42916  1376
42921  4467
42923  2366
43023  1804
43225  1542
43254  2860
43256  5322
43265  5407
43281  2028
43298  652
43312  1019
43335  3239
43343  4603
43351  1669
43354  4016
43358  4708
43360  4030
43375  4261
43382  2005
43403  150
43404  3851
43406  663
43454  662
43469  2033
43488  3691
43550  2992
43576  4697
43601  689
43603  3850
43630  2279
43646  3804
43648  4807
43717  4900
43743  2322
43780  5000
43783  3736
43797  1881
43877  4298
43897  2105
43906  3679
43911  3509
43948  1297
43950  4299
44019  4624
44025  2554
44063  4190
44076  4634
44079  31
44093  2365
44099  4756
44101  2827
44118  4742
44152  501
44161  5188
44162  5218
44186  314
44194  2936
44208  871
44213  1717
44224  5198
44225  580
44248  522
44438  1119
44442  3502
44604  934
44678  5494
44830  1845
44838  3894
44893  5344
44918  2089
44929  2847
44969  2618
45231  1583
45267  3914
45268  4872
45306  3404
45312  2811
45322  1866
45340  141
45373  4604
45374  4728
45393  990
45405  90
45418  4422
45424  3075
45429  3126
45435  2118
45444  2691
45490  1667
45525  122
45627  4880
45630  5251
45632  171
45688  4162
45729  4951
45741  4940
45773  4621
45785  5116
45814  3225
45870  5335
45901  2229
45909  4784
45910  192
46019  3378
46040  5396
46041  3599
46053  4910
46089  2980
46106  2225
46139  5055
46157  2649
46158  5172
46187  4402
46223  5400
46236  222
46269  2007
46309  4979
46313  3814
46315  992
46396  3217
46411  5061
46417  5112
46482  2624
46494  5057
46525  4563
46566  5085
46634  3368
46682  5094
46722  365
46786  2595
46794  373
46806  244
46826  5155
46901  5114
46913  5090
46944  3195
47030  5254
47063  2581
47129  5143
47130  5261
47136  4932
47191  1500
47268  3160
47291  2133
47318  2520
47324  5092
47356  5227
47375  5180
47376  5139
47393  5161
47459  579
47475  565
47488  2637
47510  2480
47554  3695
47683  3721
47735  262
47812  3883
47815  2522
47832  3133
47849  5438
47972  5103
47998  1323
48039  2129
48069  3722
48073  857
48078  4416
48080  5199
48146  2929
48191  3011
48204  252
48250  2604
48291  5478
48301  3145
48303  5216
48328  5220
48348  4229
48377  4611
48381  5269
48406  4106
48463  112
48464  1296
48520  2641
48598  5267
48647  5067
48806  5385
48837  2073
48839  5049
49104  5176
49138  1006
49139  3035
49143  4716
49265  1703
49435  1191
49459  2995
49516  5075
49520  3062
49563  3867
49592  5197
49597  5231
49606  5041
49610  1997
49634  5117
49704  510
49813  5098
49843  4606
49859  1486
50040  3556
50049  481
50063  3836
50086  5194
50405  1502
50408  5326
50633  4969
50839  2790
52327  4370
52329  3925
52342  524
52347  1477
52348  2178
52357  718
52363  1587
52369  801
52374  4239
52458  4217
52485  3361
52518  5352
52638  482
52897  2395
53018  4866
53112  3481
53180  2928
53209  3537
53255  3990
53306  435
53309  958
53346  1994
53432  75
53438  1452
53451  3157
53664  5071
53744  5410
53782  3902
53801  5070
53839  1326
53965  202
54123  1590
54221  3589
54659  3956
54795  1648
54812  4035
54813  4097
54817  4092
54826  649
54837  4199
54861  1267
54903  4804
54919  4364
54944  4128
54945  1303
54950  1432
55053  5030
55627  4320
55739  512
55911  2987
55972  2680
55977  5481
55978  1944
56126  3820
56493  1914
56498  1375
56503  4205
56513  5245
56514  4148
56551  4098
56552  3202
56554  279
56555  5512
56561  4415
56562  3200
56568  5409
56569  5511
56601  1311
56621  55
56637  1022
56643  5535
